#BLTrackFile File generated by X_BOA
#x y z Px Py Pz t PDGid EvNum TrkId Parent weight
0.0 0.0 0.0 0.0 0.0 59.69007428397432 0.0 -13 1 0 0 1.0 
0.0 0.0 0.0 0.0 0.0 61.895815483933134 0.0 -13 2 0 0 1.0 
0.0 0.0 0.0 0.0 0.0 64.0445078114886 0.0 -13 3 0 0 1.0 
0.0 0.0 0.0 0.0 0.0 66.14171140218967 0.0 -13 4 0 0 1.0 
0.0 0.0 0.0 0.0 0.0 68.19217692378852 0.0 -13 5 0 0 1.0 
0.0 0.0 0.0 0.0 0.0 70.20000000000002 0.0 -13 6 0 0 1.0 
0.0 0.0 0.0 0.0 0.0 72.1687398143734 0.0 -13 7 0 0 1.0 
0.0 0.0 0.0 0.0 0.0 74.10151154186705 0.0 -13 8 0 0 1.0 
0.0 0.0 0.0 0.0 0.0 76.00105932935527 0.0 -13 9 0 0 1.0 
0.0 0.0 0.0 0.0 0.0 77.86981459833396 0.0 -13 10 0 0 1.0 
0.0 0.0 0.0 0.0 0.0 79.70994311861995 0.0 -13 11 0 0 1.0 
0.0 0.0 0.0 0.0 0.0 70.20000000000002 -8.43862320513674 -13 12 0 0 1.0 
0.0 0.0 0.0 0.0 0.0 70.20000000000002 -6.7508985641093915 -13 13 0 0 1.0 
0.0 0.0 0.0 0.0 0.0 70.20000000000002 -5.063173923082044 -13 14 0 0 1.0 
0.0 0.0 0.0 0.0 0.0 70.20000000000002 -3.3754492820546957 -13 15 0 0 1.0 
0.0 0.0 0.0 0.0 0.0 70.20000000000002 -1.6877246410273479 -13 16 0 0 1.0 
0.0 0.0 0.0 0.0 0.0 70.20000000000002 0.0 -13 17 0 0 1.0 
0.0 0.0 0.0 0.0 0.0 70.20000000000002 1.6877246410273479 -13 18 0 0 1.0 
0.0 0.0 0.0 0.0 0.0 70.20000000000002 3.3754492820546957 -13 19 0 0 1.0 
0.0 0.0 0.0 0.0 0.0 70.20000000000002 5.063173923082044 -13 20 0 0 1.0 
0.0 0.0 0.0 0.0 0.0 70.20000000000002 6.7508985641093915 -13 21 0 0 1.0 
0.0 0.0 0.0 0.0 0.0 70.20000000000002 8.43862320513674 -13 22 0 0 1.0 
0.0 0.0 0.0 0.0 0.0 70.20000000000002 -25.0 -13 23 0 0 1.0 
0.0 0.0 0.0 0.0 0.0 70.20000000000002 0.0 -13 24 0 0 1.0 
0.0 0.0 0.0 0.0 0.0 70.20000000000002 25.0 -13 25 0 0 1.0 
0.0 0.0 0.0 0.0 0.0 61.483844755371365 -4.607720020674744 -13 26 0 0 1.0 
0.0 0.0 0.0 0.0 0.0 60.72795704268181 -3.5615325234920916 -13 27 0 0 1.0 
0.0 0.0 0.0 0.0 0.0 60.10125415736652 -2.270239494619488 -13 28 0 0 1.0 
0.0 0.0 0.0 0.0 0.0 59.73821610523133 -0.782330458842068 -13 29 0 0 1.0 
0.0 0.0 0.0 0.0 0.0 59.73821610523133 0.7823304588420673 -13 30 0 0 1.0 
0.0 0.0 0.0 0.0 0.0 60.10125415736652 2.270239494619488 -13 31 0 0 1.0 
0.0 0.0 0.0 0.0 0.0 60.72795704268181 3.561532523492091 -13 32 0 0 1.0 
0.0 0.0 0.0 0.0 0.0 61.483844755371365 4.607720020674744 -13 33 0 0 1.0 
0.0 0.0 0.0 0.0 0.0 62.56022099718044 -5.6879590777910245 -13 34 0 0 1.0 
0.0 0.0 0.0 0.0 0.0 61.483844755371365 -4.607720020674743 -13 35 0 0 1.0 
0.0 0.0 0.0 0.0 0.0 60.45433965461853 -3.073356927752599 -13 36 0 0 1.0 
0.0 0.0 0.0 0.0 0.0 59.78382478310924 -1.090771887243919 -13 37 0 0 1.0 
0.0 0.0 0.0 0.0 0.0 59.78382478310924 1.090771887243918 -13 38 0 0 1.0 
0.0 0.0 0.0 0.0 0.0 60.45433965461853 3.073356927752599 -13 39 0 0 1.0 
0.0 0.0 0.0 0.0 0.0 61.483844755371365 4.607720020674743 -13 40 0 0 1.0 
0.0 0.0 0.0 0.0 0.0 62.56022099718044 5.6879590777910245 -13 41 0 0 1.0 
0.0 0.0 0.0 0.0 0.0 64.57957160410774 -7.0508694880659295 -13 42 0 0 1.0 
0.0 0.0 0.0 0.0 0.0 63.22057279985621 -6.2084590401559305 -13 43 0 0 1.0 
0.0 0.0 0.0 0.0 0.0 61.483844755371365 -4.607720020674744 -13 44 0 0 1.0 
0.0 0.0 0.0 0.0 0.0 59.944563793015966 -1.7915406646404743 -13 45 0 0 1.0 
0.0 0.0 0.0 0.0 0.0 59.944563793015966 1.7915406646404728 -13 46 0 0 1.0 
0.0 0.0 0.0 0.0 0.0 61.483844755371365 4.607720020674744 -13 47 0 0 1.0 
0.0 0.0 0.0 0.0 0.0 63.22057279985621 6.20845904015593 -13 48 0 0 1.0 
0.0 0.0 0.0 0.0 0.0 64.57957160410774 7.0508694880659295 -13 49 0 0 1.0 
0.0 0.0 0.0 0.0 0.0 68.04903665739553 -8.242941865869438 -13 50 0 0 1.0 
0.0 0.0 0.0 0.0 0.0 67.24058197303751 -8.067346116488228 -13 51 0 0 1.0 
0.0 0.0 0.0 0.0 0.0 65.56630888874295 -7.513066421106786 -13 52 0 0 1.0 
0.0 0.0 0.0 0.0 0.0 61.483844755371365 -4.607720020674744 -13 53 0 0 1.0 
0.0 0.0 0.0 0.0 0.0 61.483844755371365 4.6077200206747415 -13 54 0 0 1.0 
0.0 0.0 0.0 0.0 0.0 65.56630888874295 7.513066421106786 -13 55 0 0 1.0 
0.0 0.0 0.0 0.0 0.0 67.24058197303751 8.067346116488228 -13 56 0 0 1.0 
0.0 0.0 0.0 0.0 0.0 68.04903665739553 8.242941865869438 -13 57 0 0 1.0 
0.0 0.0 0.0 0.0 0.0 72.3061679237741 -8.242941865869438 -13 58 0 0 1.0 
0.0 0.0 0.0 0.0 0.0 73.07524000505425 -8.067346116488228 -13 59 0 0 1.0 
0.0 0.0 0.0 0.0 0.0 74.63030705673982 -7.513066421106787 -13 60 0 0 1.0 
0.0 0.0 0.0 0.0 0.0 78.21942854352267 -4.607720020674746 -13 61 0 0 1.0 
0.0 0.0 0.0 0.0 0.0 78.21942854352267 4.607720020674743 -13 62 0 0 1.0 
0.0 0.0 0.0 0.0 0.0 74.63030705673982 7.513066421106787 -13 63 0 0 1.0 
0.0 0.0 0.0 0.0 0.0 73.07524000505425 8.067346116488228 -13 64 0 0 1.0 
0.0 0.0 0.0 0.0 0.0 72.3061679237741 8.242941865869438 -13 65 0 0 1.0 
0.0 0.0 0.0 0.0 0.0 75.5236485911891 -7.0508694880659295 -13 66 0 0 1.0 
0.0 0.0 0.0 0.0 0.0 76.72673294679274 -6.2084590401559305 -13 67 0 0 1.0 
0.0 0.0 0.0 0.0 0.0 78.21942854352267 -4.607720020674744 -13 68 0 0 1.0 
0.0 0.0 0.0 0.0 0.0 79.5015873729583 -1.7915406646404743 -13 69 0 0 1.0 
0.0 0.0 0.0 0.0 0.0 79.5015873729583 1.7915406646404728 -13 70 0 0 1.0 
0.0 0.0 0.0 0.0 0.0 78.21942854352267 4.607720020674744 -13 71 0 0 1.0 
0.0 0.0 0.0 0.0 0.0 76.72673294679274 6.20845904015593 -13 72 0 0 1.0 
0.0 0.0 0.0 0.0 0.0 75.5236485911891 7.0508694880659295 -13 73 0 0 1.0 
0.0 0.0 0.0 0.0 0.0 77.30014159159417 -5.6879590777910245 -13 74 0 0 1.0 
0.0 0.0 0.0 0.0 0.0 78.21942854352267 -4.607720020674744 -13 75 0 0 1.0 
0.0 0.0 0.0 0.0 0.0 79.08114783954825 -3.0733569277526 -13 76 0 0 1.0 
0.0 0.0 0.0 0.0 0.0 79.63330622172221 -1.090771887243919 -13 77 0 0 1.0 
0.0 0.0 0.0 0.0 0.0 79.63330622172221 1.090771887243918 -13 78 0 0 1.0 
0.0 0.0 0.0 0.0 0.0 79.08114783954825 3.0733569277526 -13 79 0 0 1.0 
0.0 0.0 0.0 0.0 0.0 78.21942854352267 4.607720020674743 -13 80 0 0 1.0 
0.0 0.0 0.0 0.0 0.0 77.30014159159417 5.6879590777910245 -13 81 0 0 1.0 
0.0 0.0 0.0 0.0 0.0 78.21942854352267 -4.607720020674744 -13 82 0 0 1.0 
0.0 0.0 0.0 0.0 0.0 78.85377941463864 -3.5615325234920916 -13 83 0 0 1.0 
0.0 0.0 0.0 0.0 0.0 79.3727941075613 -2.270239494619488 -13 84 0 0 1.0 
0.0 0.0 0.0 0.0 0.0 79.67060655821707 -0.782330458842068 -13 85 0 0 1.0 
0.0 0.0 0.0 0.0 0.0 79.67060655821707 0.7823304588420673 -13 86 0 0 1.0 
0.0 0.0 0.0 0.0 0.0 79.3727941075613 2.270239494619488 -13 87 0 0 1.0 
0.0 0.0 0.0 0.0 0.0 78.85377941463864 3.561532523492091 -13 88 0 0 1.0 
0.0 0.0 0.0 0.0 0.0 78.21942854352267 4.607720020674744 -13 89 0 0 1.0 
